<?xml version="1.0"?>
<opencv_storage>
<calibration_Time>"Mo 03 Aug 2020 20:54:40 CEST"</calibration_Time>
<nrOfFrames>50</nrOfFrames>
<image_Width>1280</image_Width>
<image_Height>720</image_Height>
<board_Width>9</board_Width>
<board_Height>6</board_Height>
<square_Size>25.</square_Size>
<FixAspectRatio>1.</FixAspectRatio>
<!-- flags:  +fix_aspectRatio +fix_principal_point +zero_tangent_dist -->
<flagValue>14</flagValue>
<K type_id="opencv-matrix">
  <rows>3</rows>
  <cols>3</cols>
  <dt>d</dt>
  <data>
    1.0312039718924589e+03 0. 640. 0. 1.0312039718924589e+03 360. 0. 0.
    1.</data></K>
<D type_id="opencv-matrix">
  <rows>5</rows>
  <cols>1</cols>
  <dt>d</dt>
  <data>
    2.4182504793263560e-01 -1.2804337456541415e+00 0. 0.
    2.4110615497528509e+00</data></D>
<Avg_Reprojection_Error>2.1333350189785669e-01</Avg_Reprojection_Error>
<Per_View_Reprojection_Errors type_id="opencv-matrix">
  <rows>50</rows>
  <cols>1</cols>
  <dt>f</dt>
  <data>
    2.07921669e-01 2.20115811e-01 2.36104727e-01 2.58916497e-01
    2.38666713e-01 2.47013986e-01 2.63488263e-01 2.48846963e-01
    2.32007504e-01 2.29062408e-01 2.15369955e-01 2.07617864e-01
    2.19946012e-01 2.22123027e-01 2.13413432e-01 1.95984483e-01
    2.18552798e-01 2.05499142e-01 2.09204435e-01 2.27933884e-01
    1.98944002e-01 2.04621792e-01 2.06345424e-01 2.14353994e-01
    2.08360761e-01 1.91309914e-01 2.12530434e-01 1.99970946e-01
    1.97494149e-01 1.98346883e-01 2.05075413e-01 2.09129557e-01
    1.94512531e-01 2.20533848e-01 2.06219256e-01 1.89384088e-01
    2.21115738e-01 1.85510367e-01 1.98576123e-01 1.98945820e-01
    1.80578813e-01 1.95657313e-01 2.06022978e-01 2.26426482e-01
    2.25119978e-01 1.96705222e-01 2.11007938e-01 1.91646650e-01
    2.22125307e-01 1.93803310e-01</data></Per_View_Reprojection_Errors>
<!-- a set of 6-tuples (rotation vector + translation vector) for each view -->
<Extrinsic_Parameters type_id="opencv-matrix">
  <rows>50</rows>
  <cols>6</cols>
  <dt>d</dt>
  <data>
    -1.9998412851983438e-01 8.0088095521542779e-01
    2.6793481674286199e+00 3.1403104752297715e+00 1.4355749416935532e+02
    7.4201972627820555e+02 -2.0038151063491083e-01
    8.0273105156213520e-01 2.6786615256583022e+00 3.3218685161814481e+00
    1.4346550590201738e+02 7.4191530873237275e+02
    -1.9933583180850073e-01 8.0169924431709916e-01
    2.6792634032818228e+00 3.1927466326782583e+00 1.4348613839884905e+02
    7.4177801464416405e+02 -1.9465907416303499e-01
    8.0686364576726943e-01 2.7016879419098689e+00 2.7513579609915453e+01
    1.4952405792119566e+02 7.3857754731276452e+02
    -1.9480036671054643e-01 8.1421373864941249e-01
    2.7229414341732254e+00 6.6970029149403217e+01 1.5830875257991443e+02
    7.3361613514916655e+02 -1.9872901649906952e-01
    8.1979137647650502e-01 2.7271224316193550e+00 1.0133719179976467e+02
    1.5924831334409265e+02 7.3342382485674739e+02
    -1.9963817977956322e-01 8.2305190818681195e-01
    2.7261297099025610e+00 1.2898114630848781e+02 1.5927229076564703e+02
    7.3331557906766875e+02 -2.0253885120551701e-01
    8.2645533883186395e-01 2.7229338854977621e+00 1.5171626958950546e+02
    1.5774210968717136e+02 7.3455840905431023e+02
    -2.0768348159658781e-01 8.2613415115257338e-01
    2.7091695018332733e+00 1.8850522109136597e+02 1.4703879285643413e+02
    7.4273339102598891e+02 -2.0667138887369976e-01
    8.2700916883592335e-01 2.7099295064635482e+00 2.1856298608046566e+02
    1.3621065421070176e+02 7.5131031239896254e+02
    -2.0167959730474547e-01 8.3445192718479821e-01
    2.7210831575599213e+00 2.3916518529749504e+02 1.2764099249232564e+02
    7.5770225584634500e+02 -1.9265694374257417e-01
    8.4095276080118098e-01 2.7420253979671627e+00 2.6881168040085919e+02
    1.2183462658366852e+02 7.6331304029352862e+02
    -1.9072214218012237e-01 8.4093214500191638e-01
    2.7458864545670698e+00 2.7304749923381149e+02 1.2151500981889482e+02
    7.6401390022396220e+02 -1.9324563749960796e-01
    8.3880257567055450e-01 2.7393632129039274e+00 2.8217402783768495e+02
    1.1860496834879406e+02 7.6642732480556629e+02
    -1.8558920278003743e-01 8.4211701106704162e-01
    2.7548587773431050e+00 3.1268493887505088e+02 1.1922113951036766e+02
    7.6811654938679885e+02 -1.8051231335620047e-01
    8.4732859155510487e-01 2.7677014495530559e+00 3.5570970121128681e+02
    1.1697191390941111e+02 7.7213131458360988e+02
    -1.7261759634526211e-01 8.5256343377298605e-01
    2.7841608098868407e+00 3.8345330246524827e+02 1.1722399158289311e+02
    7.7370965023622489e+02 -1.8288888477345144e-01
    8.4344428128171611e-01 2.7586213451147792e+00 4.0330472564075592e+02
    1.0658038347874140e+02 7.8253513196002928e+02
    -1.9974941854568717e-01 8.2934331378996728e-01
    2.7154430184820622e+00 4.1900303045755379e+02 8.6805380430275136e+01
    7.9710372727798460e+02 -1.9695267024306798e-01
    8.3154986759722493e-01 2.7251844863783963e+00 4.2692841630829741e+02
    8.4846881111080066e+01 7.9882691899876806e+02
    -2.0201529517104283e-01 8.2754506780318626e-01
    2.7096021252914446e+00 4.2928344784389424e+02 7.9856944703439510e+01
    8.0243418375483532e+02 -2.0583284727478623e-01
    8.2436113462936322e-01 2.7015708141566104e+00 4.3338967334188931e+02
    7.5602805284495432e+01 8.0555521524720598e+02
    -1.9771058409050790e-01 8.3305159399393325e-01
    2.7179450257551983e+00 4.3212438779227125e+02 6.1089715149489258e+01
    8.1571149075180699e+02 -1.9917808826996591e-01
    8.3521928517498978e-01 2.7108087873616311e+00 4.2011678102373281e+02
    2.2356448640097607e+01 8.4195010616302466e+02
    -2.0688120426087489e-01 8.2971726224427966e-01
    2.6929627774829750e+00 4.0875546417345834e+02
    -1.4278380229993260e+01 8.6682504932188567e+02
    -2.0077174152621258e-01 8.3454615207605265e-01
    2.7055298178781522e+00 3.9689543754702743e+02
    -4.9127496236734061e+01 8.9088492132520037e+02
    -2.0560785796937162e-01 8.3238818924669733e-01
    2.6947639252805629e+00 3.9224921129599659e+02
    -6.0311728653134878e+01 8.9810622979587913e+02
    -2.0414355881637253e-01 8.3280996521234818e-01
    2.6949494844526019e+00 3.9177287175802138e+02
    -6.1025394029407401e+01 8.9871530691251280e+02
    -2.0518247390837022e-01 8.3354076635810825e-01
    2.6941699047255034e+00 3.9130801738869764e+02
    -6.1379138344699086e+01 8.9879166639225411e+02
    -2.0516585678368729e-01 8.3239670348426975e-01
    2.6932266144326271e+00 3.8749519522872237e+02
    -6.6610957324902543e+01 9.0237754849684165e+02
    -2.0221526248094782e-01 8.3513914801542455e-01
    2.6975743008228004e+00 3.7287574836931350e+02
    -9.2120816508038445e+01 9.1955098391513889e+02
    -1.9918652619388288e-01 8.3667959361119526e-01
    2.7026162367846722e+00 3.6955703637359585e+02
    -1.0908737927792887e+02 9.3164460699869846e+02
    -2.0096017226361890e-01 8.3405194047674713e-01
    2.6952381920811086e+00 3.6188761547908985e+02
    -1.3364695234622215e+02 9.4884426062128534e+02
    -2.1369906586779872e-01 8.2330534380369824e-01
    2.6621493477829707e+00 3.5209756445786542e+02
    -1.6564858054605983e+02 9.7076944789843287e+02
    -2.1146804787395632e-01 8.2462266803677930e-01
    2.6664322778941840e+00 3.5006820744218828e+02
    -1.7269888178348594e+02 9.7554810233131570e+02
    -2.0232953349319324e-01 8.3121986970463357e-01
    2.6808979658874925e+00 3.1046472335061299e+02
    -1.6744075721913734e+02 9.7010344815129758e+02
    -1.9338533878356021e-01 8.3674291877537377e-01
    2.7008436490331240e+00 2.8691968822289562e+02
    -1.5722672311198480e+02 9.6202592865678264e+02
    -1.9610737310563681e-01 8.3421615934974391e-01
    2.6899708557284039e+00 2.7300422726797342e+02
    -1.5573604904957912e+02 9.6045792708648935e+02
    -1.9472154061954014e-01 8.3547787766655024e-01
    2.6954877423366996e+00 2.6645319733767434e+02
    -1.5217922590605008e+02 9.5767482506574993e+02
    -1.9019113306915669e-01 8.3735119178545880e-01
    2.7038029614864310e+00 2.5290578132946112e+02
    -1.4720213756219897e+02 9.5367756469313338e+02
