<?xml version="1.0"?>
<opencv_storage>
<calibration_Time>"Mo 03 Aug 2020 20:54:44 CEST"</calibration_Time>
<nrOfFrames>50</nrOfFrames>
<image_Width>1280</image_Width>
<image_Height>720</image_Height>
<board_Width>9</board_Width>
<board_Height>6</board_Height>
<square_Size>25.</square_Size>
<FixAspectRatio>1.</FixAspectRatio>
<!-- flags:  +fix_aspectRatio +fix_principal_point +zero_tangent_dist -->
<flagValue>14</flagValue>
<K type_id="opencv-matrix">
  <rows>3</rows>
  <cols>3</cols>
  <dt>d</dt>
  <data>
    1.0290992351720377e+03 0. 640. 0. 1.0290992351720377e+03 360. 0. 0.
    1.</data></K>
<D type_id="opencv-matrix">
  <rows>5</rows>
  <cols>1</cols>
  <dt>d</dt>
  <data>
    2.7258212667342552e-01 -1.6061222485059845e+00 0. 0.
    3.1977588055852539e+00</data></D>
<Avg_Reprojection_Error>2.0110949683942908e-01</Avg_Reprojection_Error>
<Per_View_Reprojection_Errors type_id="opencv-matrix">
  <rows>50</rows>
  <cols>1</cols>
  <dt>f</dt>
  <data>
    1.95489883e-01 1.92632079e-01 2.34189555e-01 1.91788316e-01
    2.28569508e-01 2.11794063e-01 2.00184062e-01 1.97242066e-01
    1.80560455e-01 1.76159531e-01 1.56320661e-01 2.08323106e-01
    1.69666559e-01 2.03463197e-01 1.96741641e-01 1.94403216e-01
    1.91527873e-01 2.12123379e-01 2.14619100e-01 1.72615543e-01
    1.97141111e-01 2.19317466e-01 2.26218387e-01 1.94902211e-01
    2.14240670e-01 2.08120733e-01 1.97264701e-01 1.90226719e-01
    2.04722360e-01 2.06219003e-01 2.06890658e-01 2.29180783e-01
    2.11084440e-01 2.15531766e-01 2.26941854e-01 2.00771570e-01
    1.83966756e-01 1.83533490e-01 1.81581646e-01 1.79605991e-01
    1.90964937e-01 2.08571523e-01 1.84745416e-01 2.06003770e-01
    1.90469399e-01 2.26523042e-01 2.11206436e-01 2.07737476e-01
    1.89679250e-01 1.99690416e-01</data></Per_View_Reprojection_Errors>
<!-- a set of 6-tuples (rotation vector + translation vector) for each view -->
<Extrinsic_Parameters type_id="opencv-matrix">
  <rows>50</rows>
  <cols>6</cols>
  <dt>d</dt>
  <data>
    -7.2307356243242221e-02 -9.3358173676014111e-01
    -2.8773341126380414e+00 -1.5183156255673038e+02
    1.1112846334845980e+02 7.6708044229138511e+02
    -7.2052827920859847e-02 -9.3329372103618402e-01
    -2.8773513206197725e+00 -1.5177868879044775e+02
    1.1110997060596772e+02 7.6713910864503839e+02
    -7.3004681284827871e-02 -9.3338598596298550e-01
    -2.8774230972002690e+00 -1.5208035612236054e+02
    1.1098028428355317e+02 7.6727594577192792e+02
    -7.2012955878226509e-02 -9.3368502099112072e-01
    -2.8774089038717232e+00 -1.5181595783741676e+02
    1.1112831689120230e+02 7.6717889400878641e+02
    -6.9378131786737435e-02 -9.3638350100362844e-01
    -2.8793345722937680e+00 -1.5170967509549430e+02
    1.1073931932711989e+02 7.6773211966950373e+02
    -9.2086968982415543e-02 -9.1528228063089789e-01
    -2.8329224030000661e+00 -1.1278539982764377e+02
    1.4103871353921070e+02 7.4470724845028906e+02
    -9.7506855081139196e-02 -9.1342201150018065e-01
    -2.8239048745191213e+00 -8.1311277794242500e+01
    1.5832588334886739e+02 7.3080246582755547e+02
    -9.4774993917998623e-02 -9.1280944656697149e-01
    -2.8299939736240516e+00 -4.9265005391349519e+01
    1.6956642220932400e+02 7.2222038113596761e+02
    -9.1267005065284915e-02 -9.1323385521777201e-01
    -2.8318220830243135e+00 -2.8563693477131338e+01
    1.7662491622111381e+02 7.1709282110592460e+02
    -8.8244224975244076e-02 -9.1419029409693164e-01
    -2.8375584765073354e+00 -9.0177068970041034e+00
    1.7900222347256073e+02 7.1513930291790132e+02
    -8.5722823169489828e-02 -9.1513718668301947e-01
    -2.8407456377566875e+00 3.3214744845809918e+01
    1.8284218002130038e+02 7.1179268599102807e+02
    -8.3472962776048668e-02 -9.1681721544169581e-01
    -2.8431736857661996e+00 5.4738008037419746e+01
    1.8187541349422813e+02 7.1234824105061386e+02
    -8.7948033016327254e-02 -9.1197705056790446e-01
    -2.8323365835410090e+00 7.2596226353341876e+01
    1.8231844199365113e+02 7.1200745022333217e+02
    -9.9790070671171890e-02 -9.0511725003386179e-01
    -2.8064822772827100e+00 9.9829896988255427e+01
    1.8914678833300269e+02 7.0666935196928353e+02
    -9.4610797796999060e-02 -9.0538849150462553e-01
    -2.8141879795965394e+00 1.0769973958715187e+02
    1.8921612333203961e+02 7.0697983378361846e+02
    -9.6630028229448744e-02 -9.0385889670325359e-01
    -2.8081525088297101e+00 1.3461067407201205e+02
    1.9843892446403649e+02 6.9978565091426901e+02
    -1.0148133530587683e-01 -9.0014450773817067e-01
    -2.7945030498258343e+00 1.6636659634303680e+02
    2.0950893516889812e+02 6.9128501722254953e+02
    -1.1414230658027107e-01 -8.8955917445182786e-01
    -2.7704852913669318e+00 2.0247521263892386e+02
    2.2497912602263898e+02 6.8043751548700823e+02
    -9.5257816523058828e-02 -9.0483233595630852e-01
    -2.8124385863894954e+00 2.3405688553240785e+02
    2.1932336351079172e+02 6.8419418065940113e+02
    -8.0280118087221755e-02 -9.1290738005007721e-01
    -2.8408623877306458e+00 2.5237381737903144e+02
    2.1112194485890700e+02 6.9040798398946049e+02
    -8.8051466879063428e-02 -9.1057698052987213e-01
    -2.8261784214353018e+00 2.6072354941621381e+02
    2.1304076088445899e+02 6.8881604462704217e+02
    -7.9538102661335666e-02 -9.1746157827742492e-01
    -2.8465745997601739e+00 2.6706357255283228e+02
    2.0839215897577117e+02 6.9225757696750077e+02
    -8.6788713388584918e-02 -9.1239081248974352e-01
    -2.8253712948670548e+00 2.7417462571786825e+02
    2.0653107185726464e+02 6.9323472249854046e+02
    -6.9818780826913299e-02 -9.2402588889876802e-01
    -2.8551713290690492e+00 2.9915069968532208e+02
    1.3071560032087379e+02 7.4951109089708632e+02
    -7.0683400417414319e-02 -9.2636427677600108e-01
    -2.8543419319629248e+00 3.0699123375571480e+02
    9.3820244080668715e+01 7.7678408688391164e+02
    -7.5762365367764359e-02 -9.2395401229509666e-01
    -2.8438772661935823e+00 3.1373289558729675e+02
    7.9278880209148355e+01 7.8770151941882864e+02
    -7.0582479527707229e-02 -9.2643190989725943e-01
    -2.8556751397250406e+00 3.1336396664728250e+02
    7.3356129381695126e+01 7.9221875765397590e+02
    -6.9927185457016941e-02 -9.2577271070349720e-01
    -2.8553475716987542e+00 3.1330015474451665e+02
    7.3168532949923488e+01 7.9245601111024939e+02
    -7.2837729548605304e-02 -9.2596576506569450e-01
    -2.8523864000802144e+00 3.1275539701700302e+02
    7.2332592158942759e+01 7.9279715317408352e+02
    -7.0993864707837251e-02 -9.3078832197287242e-01
    -2.8564167438270927e+00 3.1137505563661426e+02
    4.5406846477715078e+01 8.1279230519908015e+02
    -7.2226510252036469e-02 -9.2722609939143708e-01
    -2.8513550847657130e+00 3.1882665794028497e+02
    2.7439012106063835e+01 8.2707083283738086e+02
    -7.3144985320279465e-02 -9.2708536019273879e-01
    -2.8492728022608866e+00 3.2449420369461666e+02
    1.1500656126448082e+01 8.3851486817272087e+02
    -6.7554597427524898e-02 -9.3243021312438246e-01
    -2.8631939238779083e+00 3.3302510386357210e+02
    -1.1731877420775756e+01 8.5579699030048903e+02
    -5.8793667024161902e-02 -9.3796260201907189e-01
    -2.8821480779366540e+00 3.3732944270169128e+02
    -3.4716941836732623e+01 8.7300387474037029e+02
    -6.2903792607411135e-02 -9.3657602374594062e-01
    -2.8756236177689489e+00 3.4048961333001529e+02
    -3.9994168378367590e+01 8.7683020410458448e+02
    -6.8643886416457287e-02 -9.3277078594299057e-01
    -2.8659915743362907e+00 2.9480743912815933e+02
    -4.9432862724238859e+01 8.8466531549387344e+02
    -7.5435868360706440e-02 -9.2971542219989689e-01
    -2.8529132521254743e+00 2.7127764749914337e+02
    -4.9526194287873714e+01 8.8478167505671695e+02
    -7.2290122416785660e-02 -9.3180839900871082e-01
    -2.8580599685677717e+00 2.5929820870026856e+02
    -5.1657585771272863e+01 8.8626327989900153e+02
    -7.8716459409332959e-02 -9.2761941309268325e-01
    -2.8461946423276938e+00 2.4822661565276761e+02
    -5.0287486787816889e+01 8.8534507879616342e+02
